1.595366
1.419660
0.711607
1.649434
1.087255
0.910613
1.294235
1.187712
0.971436
1.244564
0.948561
0.804750
1.516200
1.076345
1.188714
1.043107
1.310585
1.121944
1.316554
1.308110
0.683539
0.988809
1.491129
1.453251
1.686388
1.615117
1.248357
1.752017
0.954867
0.779513
1.233584
0.700623
1.626493
1.048162
1.149576
1.393390
1.611801
1.648324
1.727187
1.001496
0.846708
1.045465
0.917551
1.168367
1.464130
1.449499
0.896692
1.127651
1.552035
1.387721
1.106345
1.083494
1.398491
0.719059
1.680973
1.366785
1.512917
0.938321
0.921126
1.191728
0.932237
1.602716
1.318536
